1 .‘

Ι111 , lupar„ “

’1116161 comnenus 138, 211ς 147, 23. Nauiraei 270, 9.
11111116161146,10. 149, 3. 150, Neapolis prope Gpoliu 69, 8.
- , 14. 166, 9. ” 16111111221, 6. .
' 88111111, 1161111161 125, 15. 147, ’1.
11111 “ ’116661611161105 12.
11111661111111 125, 6.’ 116661611161161278, 19.
. 1111611111218, 2. ’ Nephthaljtae 1. 1111111 N.
usdraus, 15. . 11161111111214, 15.
1161116111 13111121, 3. 46, 24. ’ 1161161 1611116111· 205, 7. 2117, 21.

“ torpeas 61166 258, 9. Nestorius haeresiarcha 97, 3.

96616111111313, 16. a Nicaea 54, 23. 91, 2. 223, 8. 265,
. 1161111161 124,10. ’ .·1· 46120. 306, 15. '⁴‘
= 116111166611111111168,4.” · Nicephorus Botauiates imperatoris

, 11611161622,10. 78,16. 93, 7. , 11111230, 3.’

” ' 97, 2. 107, 8. 121, 15. 128, 6. Nicephorus Botauiates 39, 20. 56,

“ 135, 7. 183, 16. 227, 8. ,7 ’ 3. 83, 11. 96,861 18. 97, 23.
1161616 289, 11ζ - “ 101, 2. 185, 15. 213, 3. 251, p
1161666111111178,15. 93, 6. 97,1. 14. 255, 9. 256, 17. 25813. ,

125,17.131,11.158,17., 260, 21,263, 5. 269, 9. ’
11611116166111611111 189, 17. 191, 111666161111111661111154, 3. 242, 1

21. 198, 21. 15. 246, 21. 249, 22. 262, 8. Ι
S. 11161161616111 cultus 104,17. 281, 20. 292. ’
11161161 1111111611 8, 6. 97, 23. 98, · 116661611116161161118020. 199, l
,16. 161, 11. 111, 11. 111,18. 6166, 11168, 16. 116, 1.
111, 16. 11116. 11111116, Nicephorus ruocas 111, 11. 1111. ,
, 4 23. 132, 7. 135, 20. 136, 4. S. Nicolai monasterium 92, 8.
“ ,, 111111.1111111116111, 161111111116.11611611.
„13- 162, 20. 167, 4. 188, 6. 1111111. 274, 2.
“” ,1961 18. 244, 6. 249, 18. 256, nobilissimus 17, 13. 286, 21. 298,
⁴ 1111111322, 10. 18. 299, 4. ·
11611618611111161 230, 22. 234, novellae 312, 11. 313, 1. 316, 1.
22. 236,11. ’ 6661111 occidentalis.
11161111 0611611161 10, 21. Olympus 11161192,22.
· 11161161(1611111111611111161656, 663666111ςῆ 1Δῖ1432.
, 10. . Pactolus 112 22.
, a 11161161 comnenus. , palatium 1111111610,17. ma.
11161161 1166111111 9, 15. 34, 26116. guum 270, 16. septentrionale
⁹ 1161161111661161161111 181, 4. 296, 10, 17. -61111111111116272, 3.
st* “ - palatii 6611611611 294,17. 29112.
11161161111611116 8, 19. Pancratiua abasgos 236, 6.
11161161 Ρ1111111661169,19, 171, 116611111111116111180, 12.
1. 180, 4. 270, 20. 275, 3. 288, Panium 90, 1, 249, 4.
16. 308, 9. .· S. Panteleemou 252, 5. eiuspous'
111161116151111161161152,20. 91, 22. Ι251, 19.
116161111111611202, 5. Paphlagonia 173, 2.
popa 1111111116. ¹ ρ1111111,116,11.116,ι11
⁸ Mopsouestia 137, 3 61 18. παριαρχικαὶ 6111115213.
,1111111111 1.11811111111611133,10. patricii 11, 18. 22, 8. 124, 13.
'⁴ 111661111111161116111116111122, SS. patrum teppplum Nicaeae 91, 6.
, 15., ’ Patuiuaci 30, 6. 40, 19. 88· 8.
“ Myriophpem 90,1. j 85, 2487, 20. 205, 5. 209, 91
. ’,111111161618113 ¹ „. 261,2Ι. 290,16. noem.
llysi 81131119, 16. 302, 2. ·

 

