1111111111.

S. 711111 165, 18.

711111111111111 168, 7.

Peloponnesi 11111111. iudex.

Perinthus 250, 14.

Persae 43, 21. 101, 20. 105, 11.

7111111 rer 210, 22.

711111 16, 6.

711111 1111111111 111, 1.

711111111111 1111111111 116, 10.

7111111111 3111111111 132, 10.
301», 8.

7111111111 217, 6.

Phoenicia 258, 21.

Phrygia 78, 21. 103, 4.

7111101223, 22.

7111111111111111111111 169, 7.

Pisidia 136, 16. 173, 1.

7161111 11111111 121,13, 173, 23.

Polemon 55, 6. ·

7111111270, 13. 7111111111 mare
206, 10.

praefectus 111111 v. ἔπαρχος.

7111111111268, 6. 272, 161123.

“ praepositus 33, 22.

71111111151 11111137, 21.

711111 111. 230, 18.

111111111111 v. μέδιμνος.

711111111111. 13, 0.

¹ prodigia

71111111111128, 12.
1111111111 66,12, 60,10. 142,10.
168, 7. 170, 11. 100, 13. 242,
15. 247, 12. 250, 20. philoso-
11111111 21,10. 1111111111111-
’ 11111180,10.
Propontis 20, 11. 102, 7. 170, 6.
, 103, 5. 260, 3.
71111111. 170, 10.
1111111111111111 66, 13. 275115.
πρωτοπρόεδρος 138, 21. 160, 23.
173, 16. 180, 10. 207, 10.
πρῶτος 1111111111 167, 14.
11111111 βέστης 167, 14. 102, 10.
πρωιοσὺγκελλοι 130, 10.·

“ ’ 71111 268, 5.

11111132, 11.

rex 221, 7.

81111111111 244, 22.

8111111111 28,12. 80, 23. 201,
20. 241, 61110. 248, 10. 261,

[1111111111 11111136, 16.

111111 221, 3. 1111111218, 1 11

ὃῶ

7. 1111218, 5. 111111111111
0, 12. 11111611 Ῥωμαϊκαί 41, 6.
11111 143, 6. 261, 3.
11111111Ιί1 132, 1.
Romanus Diogenes 07, 7. 170, 22.
Romanus 11111111116111286, 12.
8111111111 268, 8.
111111111 148, 22. 183,11. 1851.
· 186, 13. 101, 20. 10810. 206, ,
11. 252, 21. 260,4. 270, 0. 271, ’
eme
llusri 254, 23. 01111111 cares
2οὃ 12¹i 253, 21. ‘Pectat' 611111
1111061111 βασιλικός 278, 21.
Samuel 1111111111 123, 11.
Samuel Bulgarorum dux 230, 17.
§algarius 0. 145, 10. 184, 22.
Saraceni 100, 101121.
81111161111 mors 138, 3.

. 81111111 10, 5. 67, 1, 07, 16.

Sauromatae 66, 20. 07,-17. llo- ,
111111147,1.

111111 278, 6.“

scholarum σύνταγμα 112, 10.

Scipio 1111111111 218, 22.

811111 Asiaticus 210, 14.

8111111142,17. 300, 22. 1111111111
302, 14. 7111111111 30, 5. 36,
Μηωηψω...

811111116105, 4. 136, 14. 130,20.
1 ,-1.

2 8111111111 105, 23. 107, 1.

copertos 200, 6.

11111111611120, 1.

1111111604, 13. 1111111111 50,
15. 11111111κὰ 1111111111 76, 8.

111111111111111811111 180, 22. ῗ

celsiores 277, 2.

Seleucia 137, 5.

81111 8111111167, 0.
Selymbria 23, 11. 250, 20.
Semiramidis 11111111 251, 2.

, 8111111 8, 21. .

Side 180, 10.

ἤ codrot? 35, 21. 36, 6.
811111 17, 11.

Sirenes

sammemmmw ‘¹

11111111

Μ1Μ1Μ1Μ1

271,17. 320, 6. Nicaeae 01, 5.
8111111 mors 180, 16.

 

